0.3996	0.0007	0.0029	0.0000	0.0000	0.0000	0.0001	0.0000	0.0000	0.0001	0.0012	0.0001	0.0000	0.0000	0.0000	
0.0007	0.1017	0.0008	0.0013	0.0000	0.0000	0.0006	0.0000	0.0000	0.0000	0.0000	0.0000	0.0000	0.0000	0.0003	
0.0029	0.0008	1.4055	0.0002	0.0000	0.0005	0.0312	0.0000	0.0000	0.0040	0.0000	0.0000	0.0002	0.0000	0.0000	
0.0000	0.0013	0.0002	1.2051	0.0011	0.0003	0.0125	0.0141	0.0000	0.0000	0.0000	0.0000	0.0388	0.0000	0.0000	
0.0000	0.0000	0.0000	0.0011	1.8399	0.0342	0.0007	0.0377	0.0066	0.0002	0.0000	0.0000	0.0647	0.0000	0.0000	
0.0000	0.0000	0.0005	0.0003	0.0342	2.7996	0.0315	0.0006	0.0055	0.0148	0.0000	0.0000	0.0064	0.0000	0.0000	
0.0001	0.0006	0.0312	0.0125	0.0007	0.0315	1.6472	0.0004	0.0001	0.0019	0.0000	0.0000	0.0170	0.0000	0.0000	
0.0000	0.0000	0.0000	0.0141	0.0377	0.0006	0.0004	2.6367	0.0027	0.0000	0.0000	0.0000	0.0376	0.0000	0.0000	
0.0000	0.0000	0.0000	0.0000	0.0066	0.0055	0.0001	0.0027	0.3615	0.0023	0.0000	0.0000	0.0002	0.0005	0.0000	
0.0001	0.0000	0.0040	0.0000	0.0002	0.0148	0.0019	0.0000	0.0023	0.5991	0.0013	0.0000	0.0000	0.0003	0.0000	
0.0012	0.0000	0.0000	0.0000	0.0000	0.0000	0.0000	0.0000	0.0000	0.0013	0.1831	0.0001	0.0000	0.0003	0.0000	
0.0001	0.0000	0.0000	0.0000	0.0000	0.0000	0.0000	0.0000	0.0000	0.0000	0.0001	0.0421	0.0000	0.0000	0.0000	
0.0000	0.0000	0.0002	0.0388	0.0647	0.0064	0.0170	0.0376	0.0002	0.0000	0.0000	0.0000	1.8271	0.0000	0.0000	
0.0000	0.0000	0.0000	0.0000	0.0000	0.0000	0.0000	0.0000	0.0005	0.0003	0.0003	0.0000	0.0000	0.1192	0.0000	
0.0000	0.0003	0.0000	0.0000	0.0000	0.0000	0.0000	0.0000	0.0000	0.0000	0.0000	0.0000	0.0000	0.0000	0.1192	
0.2967	0.0005	0.0021	0.0000	0.0000	0.0000	0.0000	0.0000	0.0000	0.0001	0.0008	0.0000	0.0000	0.0000	0.0000	
0.0005	0.0755	0.0005	0.0009	0.0000	0.0000	0.0005	0.0000	0.0000	0.0000	0.0000	0.0000	0.0000	0.0000	0.0002	
0.0021	0.0005	1.0445	0.0001	0.0000	0.0004	0.0223	0.0000	0.0000	0.0029	0.0000	0.0000	0.0002	0.0000	0.0000	
0.0000	0.0009	0.0001	0.8957	0.0008	0.0002	0.0089	0.0100	0.0000	0.0000	0.0000	0.0000	0.0278	0.0000	0.0000	
0.0000	0.0000	0.0000	0.0008	1.3693	0.0245	0.0005	0.0270	0.0047	0.0001	0.0000	0.0000	0.0464	0.0000	0.0000	
0.0000	0.0000	0.0004	0.0002	0.0245	2.0837	0.0226	0.0004	0.0040	0.0106	0.0000	0.0000	0.0045	0.0000	0.0000	
0.0000	0.0005	0.0223	0.0089	0.0005	0.0226	1.2251	0.0002	0.0000	0.0014	0.0000	0.0000	0.0122	0.0000	0.0000	
0.0000	0.0000	0.0000	0.0100	0.0270	0.0004	0.0002	1.9597	0.0019	0.0000	0.0000	0.0000	0.0269	0.0000	0.0000	
0.0000	0.0000	0.0000	0.0000	0.0047	0.0040	0.0000	0.0019	0.2684	0.0016	0.0000	0.0000	0.0001	0.0004	0.0000	
0.0001	0.0000	0.0029	0.0000	0.0001	0.0106	0.0014	0.0000	0.0016	0.4449	0.0009	0.0000	0.0000	0.0002	0.0000	
0.0008	0.0000	0.0000	0.0000	0.0000	0.0000	0.0000	0.0000	0.0000	0.0009	0.1359	0.0000	0.0000	0.0002	0.0000	
0.0000	0.0000	0.0000	0.0000	0.0000	0.0000	0.0000	0.0000	0.0000	0.0000	0.0000	0.0312	0.0000	0.0000	0.0000	
0.0000	0.0000	0.0002	0.0278	0.0464	0.0045	0.0122	0.0269	0.0001	0.0000	0.0000	0.0000	1.3604	0.0000	0.0000	
0.0000	0.0000	0.0000	0.0000	0.0000	0.0000	0.0000	0.0000	0.0004	0.0002	0.0002	0.0000	0.0000	0.0884	0.0000	
0.0000	0.0002	0.0000	0.0000	0.0000	0.0000	0.0000	0.0000	0.0000	0.0000	0.0000	0.0000	0.0000	0.0000	0.0884	
0.0119	0.0000	0.0002	0.0000	0.0000	0.0000	0.0000	0.0000	0.0000	0.0000	0.0001	0.0000	0.0000	0.0000	0.0000	
0.0000	0.0031	0.0001	0.0001	0.0000	0.0000	0.0000	0.0000	0.0000	0.0000	0.0000	0.0000	0.0000	0.0000	0.0000	
0.0002	0.0001	0.0406	0.0000	0.0000	0.0001	0.0021	0.0000	0.0000	0.0003	0.0000	0.0000	0.0000	0.0000	0.0000	
0.0000	0.0001	0.0000	0.0344	0.0001	0.0000	0.0008	0.0009	0.0000	0.0000	0.0000	0.0000	0.0025	0.0000	0.0000	
0.0000	0.0000	0.0000	0.0001	0.0506	0.0022	0.0001	0.0024	0.0004	0.0000	0.0000	0.0000	0.0041	0.0000	0.0000	
0.0000	0.0000	0.0001	0.0000	0.0022	0.0766	0.0020	0.0001	0.0004	0.0010	0.0000	0.0000	0.0005	0.0000	0.0000	
0.0000	0.0000	0.0021	0.0008	0.0001	0.0020	0.0463	0.0000	0.0000	0.0001	0.0000	0.0000	0.0011	0.0000	0.0000	
0.0000	0.0000	0.0000	0.0009	0.0023	0.0001	0.0000	0.0687	0.0002	0.0000	0.0000	0.0000	0.0023	0.0000	0.0000	
0.0000	0.0000	0.0000	0.0000	0.0004	0.0004	0.0000	0.0002	0.0108	0.0002	0.0000	0.0000	0.0000	0.0000	0.0000	
0.0000	0.0000	0.0003	0.0000	0.0000	0.0010	0.0001	0.0000	0.0002	0.0177	0.0001	0.0000	0.0000	0.0000	0.0000	
0.0001	0.0000	0.0000	0.0000	0.0000	0.0000	0.0000	0.0000	0.0000	0.0001	0.0055	0.0000	0.0000	0.0000	0.0000	
0.0000	0.0000	0.0000	0.0000	0.0000	0.0000	0.0000	0.0000	0.0000	0.0000	0.0000	0.0013	0.0000	0.0000	0.0000	
0.0000	0.0000	0.0000	0.0025	0.0041	0.0005	0.0011	0.0024	0.0000	0.0000	0.0000	0.0000	0.0493	0.0000	0.0000	
0.0000	0.0000	0.0000	0.0000	0.0000	0.0000	0.0000	0.0000	0.0000	0.0000	0.0000	0.0000	0.0000	0.0036	0.0000	
0.0000	0.0000	0.0000	0.0000	0.0000	0.0000	0.0000	0.0000	0.0000	0.0000	0.0000	0.0000	0.0000	0.0000	0.0036	
0.0000	0.0000	0.0000	0.0000	0.0000	0.0000	0.0000	0.0000	0.0000	0.0000	0.0000	0.0000	0.0000	0.0000	0.0000	
0.0000	0.0000	0.0000	0.0000	0.0000	0.0000	0.0000	0.0000	0.0000	0.0000	0.0000	0.0000	0.0000	0.0000	0.0000	
0.0000	0.0000	0.0001	0.0000	0.0000	0.0000	0.0000	0.0000	0.0000	0.0000	0.0000	0.0000	0.0000	0.0000	0.0000	
0.0000	0.0000	0.0000	0.0001	0.0000	0.0000	0.0000	0.0000	0.0000	0.0000	0.0000	0.0000	0.0000	0.0000	0.0000	
0.0000	0.0000	0.0000	0.0000	0.0002	0.0000	0.0000	0.0000	0.0000	0.0000	0.0000	0.0000	0.0000	0.0000	0.0000	
0.0000	0.0000	0.0000	0.0000	0.0000	0.0002	0.0000	0.0000	0.0000	0.0000	0.0000	0.0000	0.0000	0.0000	0.0000	
0.0000	0.0000	0.0000	0.0000	0.0000	0.0000	0.0002	0.0000	0.0000	0.0000	0.0000	0.0000	0.0000	0.0000	0.0000	
0.0000	0.0000	0.0000	0.0000	0.0000	0.0000	0.0000	0.0002	0.0000	0.0000	0.0000	0.0000	0.0000	0.0000	0.0000	
0.0000	0.0000	0.0000	0.0000	0.0000	0.0000	0.0000	0.0000	0.0000	0.0000	0.0000	0.0000	0.0000	0.0000	0.0000	
0.0000	0.0000	0.0000	0.0000	0.0000	0.0000	0.0000	0.0000	0.0000	0.0001	0.0000	0.0000	0.0000	0.0000	0.0000	
0.0000	0.0000	0.0000	0.0000	0.0000	0.0000	0.0000	0.0000	0.0000	0.0000	0.0000	0.0000	0.0000	0.0000	0.0000	
0.0000	0.0000	0.0000	0.0000	0.0000	0.0000	0.0000	0.0000	0.0000	0.0000	0.0000	0.0000	0.0000	0.0000	0.0000	
0.0000	0.0000	0.0000	0.0000	0.0000	0.0000	0.0000	0.0000	0.0000	0.0000	0.0000	0.0000	0.0002	0.0000	0.0000	
0.0000	0.0000	0.0000	0.0000	0.0000	0.0000	0.0000	0.0000	0.0000	0.0000	0.0000	0.0000	0.0000	0.0000	0.0000	
0.0000	0.0000	0.0000	0.0000	0.0000	0.0000	0.0000	0.0000	0.0000	0.0000	0.0000	0.0000	0.0000	0.0000	0.0000	
0.0000	0.0000	0.0000	0.0000	0.0000	0.0000	0.0000	0.0000	0.0000	0.0000	0.0000	0.0000	0.0000	0.0000	0.0000	
0.0000	0.0000	0.0000	0.0000	0.0000	0.0000	0.0000	0.0000	0.0000	0.0000	0.0000	0.0000	0.0000	0.0000	0.0000	
0.0000	0.0000	0.0000	0.0000	0.0000	0.0000	0.0000	0.0000	0.0000	0.0000	0.0000	0.0000	0.0000	0.0000	0.0000	
0.0000	0.0000	0.0000	0.0000	0.0000	0.0000	0.0000	0.0000	0.0000	0.0000	0.0000	0.0000	0.0000	0.0000	0.0000	
0.0000	0.0000	0.0000	0.0000	0.0000	0.0000	0.0000	0.0000	0.0000	0.0000	0.0000	0.0000	0.0000	0.0000	0.0000	
0.0000	0.0000	0.0000	0.0000	0.0000	0.0000	0.0000	0.0000	0.0000	0.0000	0.0000	0.0000	0.0000	0.0000	0.0000	
0.0000	0.0000	0.0000	0.0000	0.0000	0.0000	0.0000	0.0000	0.0000	0.0000	0.0000	0.0000	0.0000	0.0000	0.0000	
0.0000	0.0000	0.0000	0.0000	0.0000	0.0000	0.0000	0.0000	0.0000	0.0000	0.0000	0.0000	0.0000	0.0000	0.0000	
0.0000	0.0000	0.0000	0.0000	0.0000	0.0000	0.0000	0.0000	0.0000	0.0000	0.0000	0.0000	0.0000	0.0000	0.0000	
0.0000	0.0000	0.0000	0.0000	0.0000	0.0000	0.0000	0.0000	0.0000	0.0000	0.0000	0.0000	0.0000	0.0000	0.0000	
0.0000	0.0000	0.0000	0.0000	0.0000	0.0000	0.0000	0.0000	0.0000	0.0000	0.0000	0.0000	0.0000	0.0000	0.0000	
0.0000	0.0000	0.0000	0.0000	0.0000	0.0000	0.0000	0.0000	0.0000	0.0000	0.0000	0.0000	0.0000	0.0000	0.0000	
